35.243581,129.084482
35.243581,129.085605
35.242691,129.082236
35.242691,129.083359
35.242691,129.084482
35.242691,129.085605
35.242691,129.086728
35.241801,129.082236
35.241801,129.083359
35.241801,129.084482
35.241801,129.085605
35.241801,129.086728
35.241801,129.087851
35.240911,129.081113
35.240911,129.082236
35.240911,129.083359
35.240911,129.084482
35.240911,129.085605
35.240911,129.086728
35.240911,129.087851
35.240021,129.081113
35.240021,129.082236
35.240021,129.083359
35.240021,129.084482
35.240021,129.085605
35.240021,129.086728
35.240021,129.087851
35.239131,129.079990
35.239131,129.081113
35.239131,129.082236
35.239131,129.083359
35.239131,129.084482
35.239131,129.085605
35.239131,129.086728
35.239131,129.087851
35.238241,129.076621
35.238241,129.077744
35.238241,129.078867
35.238241,129.079990
35.238241,129.081113
35.238241,129.082236
35.238241,129.083359
35.238241,129.084482
35.238241,129.085605
35.238241,129.086728
35.238241,129.087851
35.237351,129.076621
35.237351,129.077744
35.237351,129.078867
35.237351,129.079990
35.237351,129.081113
35.237351,129.082236
35.237351,129.083359
35.237351,129.084482
35.237351,129.085605
35.237351,129.086728
35.237351,129.087851
35.236461,129.076621
35.236461,129.077744
35.236461,129.078867
35.236461,129.079990
35.236461,129.081113
35.236461,129.082236
35.236461,129.083359
35.236461,129.084482
35.236461,129.085605
35.236461,129.086728
35.236461,129.087851
35.235571,129.075498
35.235571,129.076621
35.235571,129.077744
35.235571,129.078867
35.235571,129.079990
35.235571,129.081113
35.235571,129.082236
35.235571,129.083359
35.235571,129.084482
35.235571,129.085605
35.235571,129.086728
35.235571,129.087851
35.235571,129.088974
35.234681,129.074375
35.234681,129.075498
35.234681,129.076621
35.234681,129.077744
35.234681,129.078867
35.234681,129.079990
35.234681,129.081113
35.234681,129.082236
35.234681,129.083359
35.234681,129.084482
35.234681,129.085605
35.234681,129.086728
35.234681,129.087851
35.234681,129.088974
35.233791,129.074375
35.233791,129.075498
35.233791,129.076621
35.233791,129.077744
35.233791,129.078867
35.233791,129.079990
35.233791,129.081113
35.233791,129.082236
35.233791,129.083359
35.233791,129.084482
35.233791,129.085605
35.233791,129.086728
35.233791,129.087851
35.233791,129.088974
35.232901,129.074375
35.232901,129.075498
35.232901,129.076621
35.232901,129.077744
35.232901,129.078867
35.232901,129.079990
35.232901,129.081113
35.232901,129.082236
35.232901,129.083359
35.232901,129.084482
35.232901,129.085605
35.232901,129.086728
35.232901,129.087851
35.232901,129.088974
35.232011,129.074375
35.232011,129.075498
35.232011,129.076621
35.232011,129.077744
35.232011,129.078867
35.232011,129.079990
35.232011,129.081113
35.232011,129.082236
35.232011,129.083359
35.232011,129.084482
35.232011,129.085605
35.232011,129.086728
35.232011,129.087851
35.232011,129.088974
35.231121,129.074375
35.231121,129.075498
35.231121,129.076621
35.231121,129.077744
35.231121,129.078867
35.231121,129.079990
35.231121,129.081113
35.231121,129.082236
35.231121,129.083359
35.231121,129.084482
35.231121,129.085605
35.231121,129.086728
35.231121,129.087851
35.231121,129.088974
35.230231,129.074375
35.230231,129.075498
35.230231,129.076621
35.230231,129.077744
35.230231,129.078867
35.230231,129.079990
35.230231,129.081113
35.230231,129.082236
35.230231,129.083359
35.230231,129.084482
35.230231,129.085605
35.230231,129.086728
35.230231,129.087851
35.230231,129.088974
35.229341,129.074375
35.229341,129.075498
35.229341,129.076621
35.229341,129.077744
35.229341,129.078867
35.229341,129.079990
35.229341,129.081113
35.229341,129.082236
35.229341,129.083359
35.229341,129.084482
35.229341,129.085605
35.229341,129.086728
35.229341,129.087851
35.229341,129.088974
35.228451,129.074375
35.228451,129.075498
35.228451,129.076621
35.228451,129.077744
35.228451,129.078867
35.228451,129.079990
35.228451,129.081113
35.228451,129.082236
35.228451,129.083359
35.228451,129.084482
35.228451,129.085605
35.228451,129.086728
35.228451,129.087851
35.228451,129.088974
35.227561,129.075498
35.227561,129.076621
35.227561,129.077744
35.227561,129.078867
35.227561,129.079990
35.227561,129.081113
35.227561,129.082236
35.227561,129.083359
35.227561,129.084482
35.227561,129.085605
35.227561,129.086728
35.227561,129.087851
35.227561,129.088974
35.226671,129.075498
35.226671,129.076621
35.226671,129.077744
35.226671,129.078867
35.226671,129.079990
35.226671,129.081113
35.226671,129.082236
35.226671,129.083359
35.226671,129.084482
35.226671,129.085605
35.226671,129.086728
35.226671,129.087851
35.226671,129.088974
35.225781,129.075498
35.225781,129.076621
35.225781,129.077744
35.225781,129.078867
35.225781,129.079990
35.225781,129.081113
35.225781,129.082236
35.225781,129.083359
35.225781,129.084482
35.225781,129.085605
35.225781,129.086728
35.225781,129.087851
35.225781,129.088974
35.224891,129.078867
35.224891,129.079990
35.224891,129.081113
35.224891,129.082236
35.224891,129.083359
35.224891,129.084482
35.224891,129.085605
35.224891,129.086728
35.224891,129.087851
35.224891,129.088974
35.224001,129.079990
35.224001,129.081113
35.224001,129.082236
35.224001,129.083359
35.224001,129.084482
35.224001,129.085605
35.224001,129.086728
35.224001,129.087851
35.223111,129.083359
35.223111,129.084482
35.223111,129.085605
35.223111,129.086728
35.223111,129.087851
35.222221,129.084482
35.222221,129.085605
35.222221,129.086728
35.222221,129.087851
35.221331,129.085605
35.221331,129.086728
